1 29 43 49 
1 29 36 43 
1 25 26 30 
1 25 26 29 
1 25 36 37 
1 33 36 37 
1 33 40 44 
1 33 40 43 
1 40 49 50 
1 26 49 50 
1 30 44 50 
1 30 37 44 
1 25 29 36 
1 33 36 43 
1 40 43 49 
1 26 29 49 
1 25 30 37 
1 33 37 44 
1 40 44 50 
1 26 30 50 

2 29 56 62 
2 29 36 62 
2 25 27 32 
2 25 27 29 
2 25 36 39 
2 34 36 39 
2 34 53 64 
2 34 53 62 
2 53 56 58 
2 27 56 58 
2 32 58 64 
2 32 39 64 
2 25 29 36 
2 34 36 62 
2 53 56 62 
2 27 29 56 
2 25 32 39 
2 34 39 64 
2 53 58 64 
2 27 32 58 

3 43 68 73 
3 43 49 73 
3 40 41 46 
3 40 41 43 
3 40 49 51 
3 47 49 51 
3 47 66 74 
3 47 66 73 
3 66 68 70 
3 41 68 70 
3 46 70 74 
3 46 51 74 
3 40 43 49 
3 47 49 73 
3 66 68 73 
3 41 43 68 
3 40 46 51 
3 47 51 74 
3 66 70 74 
3 41 46 70 

4 43 62 68 
4 36 43 62 
4 34 36 38 
4 33 36 38 
4 33 41 45 
4 33 41 43 
4 41 68 69 
4 60 68 69 
4 34 60 63 
4 34 60 62 
4 45 63 69 
4 38 45 63 
4 33 36 43 
4 41 43 68 
4 60 62 68 
4 34 36 62 
4 33 38 45 
4 41 45 69 
4 60 63 69 
4 34 38 63 

5 29 56 73 
5 29 49 73 
5 26 27 31 
5 26 27 29 
5 26 49 52 
5 47 49 52 
5 47 54 75 
5 47 54 73 
5 54 56 57 
5 27 56 57 
5 31 57 75 
5 31 52 75 
5 26 29 49 
5 47 49 73 
5 54 56 73 
5 27 29 56 
5 26 31 52 
5 47 52 75 
5 54 57 75 
5 27 31 57 

6 62 68 73 
6 56 62 73 
6 54 56 59 
6 53 56 59 
6 53 60 65 
6 53 60 62 
6 60 68 71 
6 66 68 71 
6 54 66 76 
6 54 66 73 
6 65 71 76 
6 59 65 76 
6 53 56 62 
6 60 62 68 
6 66 68 73 
6 54 56 73 
6 53 59 65 
6 60 65 71 
6 66 71 76 
6 54 59 76 

7 86 92 97 
7 80 86 97 
7 78 80 83 
7 77 80 83 
7 77 84 89 
7 77 84 86 
7 84 92 95 
7 90 92 95 
7 78 90 100 
7 78 90 97 
7 89 95 100 
7 83 89 100 
7 77 80 86 
7 84 86 92 
7 90 92 97 
7 78 80 97 
7 77 83 89 
7 84 89 95 
7 90 95 100 
7 78 83 100 

8 44 86 92 
8 37 44 86 
8 35 37 38 
8 33 37 38 
8 33 42 45 
8 33 42 44 
8 42 92 93 
8 84 92 93 
8 35 84 87 
8 35 84 86 
8 45 87 93 
8 38 45 87 
8 33 37 44 
8 42 44 92 
8 84 86 92 
8 35 37 86 
8 33 38 45 
8 42 45 93 
8 84 87 93 
8 35 38 87 

9 30 50 97 
9 30 80 97 
9 26 28 31 
9 26 28 30 
9 28 80 81 
9 78 80 81 
9 48 78 99 
9 48 78 97 
9 48 50 52 
9 26 50 52 
9 31 52 99 
9 31 81 99 
9 28 30 80 
9 78 80 97 
9 48 50 97 
9 26 30 50 
9 28 31 81 
9 78 81 99 
9 48 52 99 
9 26 31 52 

10 44 50 97 
10 44 92 97 
10 40 42 46 
10 40 42 44 
10 42 92 94 
10 90 92 94 
10 48 90 98 
10 48 90 97 
10 48 50 51 
10 40 50 51 
10 46 51 98 
10 46 94 98 
10 42 44 92 
10 90 92 97 
10 48 50 97 
10 40 44 50 
10 42 46 94 
10 90 94 98 
10 48 51 98 
10 40 46 51 

11 30 80 86 
11 30 37 86 
11 25 28 32 
11 25 28 30 
11 25 37 39 
11 35 37 39 
11 35 77 88 
11 35 77 86 
11 77 80 82 
11 28 80 82 
11 32 82 88 
11 32 39 88 
11 25 30 37 
11 35 37 86 
11 77 80 86 
11 28 30 80 
11 25 32 39 
11 35 39 88 
11 77 82 88 
11 28 32 82 

12 87 93 113 
12 87 108 113 
12 84 85 89 
12 84 85 87 
12 85 108 111 
12 107 108 111 
12 91 107 116 
12 91 107 113 
12 91 93 95 
12 84 93 95 
12 89 95 116 
12 89 111 116 
12 85 87 108 
12 107 108 113 
12 91 93 113 
12 84 87 93 
12 85 89 111 
12 107 111 116 
12 91 95 116 
12 84 89 95 

13 45 93 113 
13 45 69 113 
13 41 42 46 
13 41 42 45 
13 41 69 70 
13 67 69 70 
13 67 91 114 
13 67 91 113 
13 91 93 94 
13 42 93 94 
13 46 94 114 
13 46 70 114 
13 41 45 69 
13 67 69 113 
13 91 93 113 
13 42 45 93 
13 41 46 70 
13 67 70 114 
13 91 94 114 
13 42 46 94 

14 63 87 108 
14 38 63 87 
14 35 38 39 
14 34 38 39 
14 34 61 64 
14 34 61 63 
14 61 108 109 
14 85 108 109 
14 35 85 88 
14 35 85 87 
14 64 88 109 
14 39 64 88 
14 34 38 63 
14 61 63 108 
14 85 87 108 
14 35 38 87 
14 34 39 64 
14 61 64 109 
14 85 88 109 
14 35 39 88 

15 63 69 113 
15 63 108 113 
15 60 61 65 
15 60 61 63 
15 61 108 110 
15 107 108 110 
15 67 107 115 
15 67 107 113 
15 67 69 71 
15 60 69 71 
15 65 71 115 
15 65 110 115 
15 61 63 108 
15 107 108 113 
15 67 69 113 
15 60 63 69 
15 61 65 110 
15 107 110 115 
15 67 71 115 
15 60 65 71 

16 98 114 117 
16 94 98 114 
16 91 94 95 
16 90 94 95 
16 90 96 100 
16 90 96 98 
16 96 117 120 
16 112 117 120 
16 91 112 116 
16 91 112 114 
16 100 116 120 
16 95 100 116 
16 90 94 98 
16 96 98 117 
16 112 114 117 
16 91 94 114 
16 90 95 100 
16 96 100 120 
16 112 116 120 
16 91 95 116 

17 74 98 117 
17 51 74 98 
17 48 51 52 
17 47 51 52 
17 47 72 75 
17 47 72 74 
17 72 117 118 
17 96 117 118 
17 48 96 99 
17 48 96 98 
17 75 99 118 
17 52 75 99 
17 47 51 74 
17 72 74 117 
17 96 98 117 
17 48 51 98 
17 47 52 75 
17 72 75 118 
17 96 99 118 
17 48 52 99 

18 74 114 117 
18 70 74 114 
18 67 70 71 
18 66 70 71 
18 66 72 76 
18 66 72 74 
18 72 117 119 
18 112 117 119 
18 67 112 115 
18 67 112 114 
18 76 115 119 
18 71 76 115 
18 66 70 74 
18 72 74 117 
18 112 114 117 
18 67 70 114 
18 66 71 76 
18 72 76 119 
18 112 115 119 
18 67 71 115 

19 99 103 118 
19 81 99 103 
19 79 81 83 
19 78 81 83 
19 78 96 100 
19 78 96 99 
19 96 118 120 
19 102 118 120 
19 79 102 106 
19 79 102 103 
19 100 106 120 
19 83 100 106 
19 78 81 99 
19 96 99 118 
19 102 103 118 
19 79 81 103 
19 78 83 100 
19 96 100 120 
19 102 106 120 
19 79 83 106 

20 31 57 103 
20 31 81 103 
20 27 28 32 
20 27 28 31 
20 28 81 82 
20 79 81 82 
20 55 79 104 
20 55 79 103 
20 55 57 58 
20 27 57 58 
20 32 58 104 
20 32 82 104 
20 28 31 81 
20 79 81 103 
20 55 57 103 
20 27 31 57 
20 28 32 82 
20 79 82 104 
20 55 58 104 
20 27 32 58 

21 75 103 118 
21 57 75 103 
21 55 57 59 
21 54 57 59 
21 54 72 76 
21 54 72 75 
21 72 118 119 
21 102 118 119 
21 55 102 105 
21 55 102 103 
21 76 105 119 
21 59 76 105 
21 54 57 75 
21 72 75 118 
21 102 103 118 
21 55 57 103 
21 54 59 76 
21 72 76 119 
21 102 105 119 
21 55 59 105 

22 88 104 109 
22 82 88 104 
22 77 82 83 
22 79 82 83 
22 79 101 106 
22 79 101 104 
22 101 109 111 
22 85 109 111 
22 77 85 89 
22 77 85 88 
22 89 106 111 
22 83 89 106 
22 79 82 104 
22 101 104 109 
22 85 88 109 
22 77 82 88 
22 79 83 106 
22 101 106 111 
22 85 89 111 
22 77 83 89 

23 64 104 109 
23 58 64 104 
23 55 58 59 
23 53 58 59 
23 53 61 65 
23 53 61 64 
23 61 109 110 
23 101 109 110 
23 55 101 105 
23 55 101 104 
23 65 105 110 
23 59 65 105 
23 53 58 64 
23 61 64 109 
23 101 104 109 
23 55 58 104 
23 53 59 65 
23 61 65 110 
23 101 105 110 
23 55 59 105 

24 105 115 119 
24 105 110 115 
24 101 102 106 
24 101 102 105 
24 101 110 111 
24 107 110 111 
24 107 112 116 
24 107 112 115 
24 112 119 120 
24 102 119 120 
24 106 116 120 
24 106 111 116 
24 101 105 110 
24 107 110 115 
24 112 115 119 
24 102 105 119 
24 101 106 111 
24 107 111 116 
24 112 116 120 
24 102 106 120 

25 27 28 32 
25 26 28 30 
25 26 27 29 
26 27 28 31 
25 26 27 28 

25 36 37 39 
35 37 38 39 
33 36 37 38 
34 36 38 39 
36 37 38 39 

33 40 42 44 
33 41 42 45 
33 40 41 43 
40 41 42 46 
33 40 41 42 

26 49 50 52 
48 50 51 52 
40 49 50 51 
47 49 51 52 
49 50 51 52 

27 56 57 58 
55 57 58 59 
54 56 57 59 
53 56 58 59 
56 57 58 59 

34 60 61 63 
34 53 61 64 
34 53 60 62 
53 60 61 65 
34 53 60 61 

41 68 69 70 
67 69 70 71 
60 68 69 71 
66 68 70 71 
68 69 70 71 

47 66 72 74 
47 54 72 75 
47 54 66 73 
54 66 72 76 
47 54 66 72 

28 80 81 82 
79 81 82 83 
78 80 81 83 
77 80 82 83 
80 81 82 83 

35 84 85 87 
35 77 85 88 
35 77 84 86 
77 84 85 89 
35 77 84 85 

42 92 93 94 
91 93 94 95 
84 92 93 95 
90 92 94 95 
92 93 94 95 

48 90 96 98 
48 78 96 99 
48 78 90 97 
78 90 96 100 
48 78 90 96 

55 79 101 104 
55 101 102 105 
55 79 102 103 
79 101 102 106 
55 79 101 102 

61 108 109 110 
101 109 110 111 
85 108 109 111 
107 108 110 111 
108 109 110 111 

67 91 112 114 
67 107 112 115 
67 91 107 113 
91 107 112 116 
67 91 107 112 

72 117 118 119 
102 118 119 120 
96 117 118 120 
112 117 119 120 
117 118 119 120 

29 36 43 62 
29 43 49 73 
29 56 62 73 
43 62 68 73 
29 43 62 73 

30 44 50 97 
44 86 92 97 
30 37 44 86 
30 80 86 97 
30 44 86 97 

38 45 63 87 
45 87 93 113 
45 63 69 113 
63 87 113 108 
45 63 87 113 

46 51 74 98 
46 94 98 114 
46 70 74 114 
74 98 114 117 
46 74 98 114 

31 52 75 99 
31 81 99 103 
31 57 75 103 
75 99 103 118 
31 75 99 103 

32 39 64 88 
32 82 88 104 
32 58 64 104 
64 88 104 109 
32 64 88 104 

59 65 76 105 
76 105 115 119 
65 71 76 115 
65 105 110 115 
65 76 105 115 

83 89 100 106 
89 95 100 116 
89 106 111 116 
100 106 116 120 
89 100 106 116