1 2 20 23 24 
1 3 6 8 24 
1 3 6 10 16 
1 3 6 16 24 
1 3 8 12 14 
1 3 8 14 24 
1 3 10 12 23 
1 3 10 16 23 
1 3 12 14 23 
1 4 19 23 24 
1 5 19 20 24 
1 6 8 11 13 
1 6 8 11 24 
1 6 10 13 20 
1 6 10 16 20 
1 6 11 13 20 
1 7 10 12 13 
1 7 10 12 23 
1 7 10 13 20 
1 7 11 14 16 
1 7 11 14 21 
1 7 11 16 22 
1 7 12 13 19 
1 7 14 16 18 
1 8 11 13 19 
1 8 12 13 19 
1 8 12 14 19 
1 9 19 20 23 
1 11 14 16 17 
1 19 20 23 24 
2 3 21 23 24 
2 4 5 7 24 
2 4 5 9 15 
2 4 5 15 24 
2 4 7 11 13 
2 4 7 13 24 
2 4 9 11 23 
2 4 9 15 23 
2 4 11 13 23 
2 5 7 12 14 
2 5 7 12 24 
2 5 9 14 20 
2 5 9 15 20 
2 5 12 14 20 
2 6 20 21 24 
2 7 11 13 21 
2 7 11 14 21 
2 7 12 14 21 
2 8 9 11 14 
2 8 9 11 23 
2 8 9 14 20 
2 8 11 14 21 
2 8 12 13 15 
2 8 12 13 19 
2 8 12 15 22 
2 8 13 15 18 
2 10 20 21 23 
2 12 13 15 17 
2 20 21 23 24 
3 4 22 23 24 
3 5 9 14 16 
3 5 9 14 20 
3 5 9 16 19 
3 5 10 12 15 
3 5 10 12 23 
3 5 10 15 21 
3 5 12 15 22 
3 5 14 16 18 
3 6 8 9 15 
3 6 8 9 24 
3 6 9 15 21 
3 6 10 15 21 
3 6 10 16 21 
3 7 21 22 24 
3 8 9 15 22 
3 8 12 14 22 
3 8 12 15 22 
3 9 14 16 17 
3 11 21 22 23 
3 21 22 23 24 
4 5 7 10 16 
4 5 7 10 24 
4 5 9 15 19 
4 5 9 16 19 
4 5 10 16 19 
4 6 9 11 16 
4 6 9 11 23 
4 6 9 16 19 
4 6 10 13 15 
4 6 10 13 20 
4 6 10 15 21 
4 6 11 16 22 
4 6 13 15 18 
4 7 10 16 22 
4 7 11 13 22 
4 7 11 16 22 
4 8 19 22 24 
4 10 13 15 17 
4 12 19 22 23 
4 19 22 23 24 
5 6 18 20 24 
5 7 10 16 18 
5 7 12 14 18 
5 7 14 16 18 
5 8 18 19 24 
5 10 12 15 17 
5 13 18 19 20 
5 18 19 20 24 
6 7 18 21 24 
6 8 9 15 18 
6 8 11 13 18 
6 8 13 15 18 
6 9 11 16 17 
6 14 18 20 21 
6 18 20 21 24 
7 8 18 22 24 
7 10 12 13 17 
7 15 18 21 22 
7 18 21 22 24 
8 9 11 14 17 
8 16 18 19 22 
8 18 19 22 24 
9 10 17 20 23 
9 11 14 16 17 
9 12 17 19 23 
9 13 17 19 20 
9 17 19 20 23 
10 11 17 21 23 
10 12 13 15 17 
10 14 17 20 21 
10 17 20 21 23 
11 12 17 22 23 
11 15 17 21 22 
11 17 21 22 23 
12 16 17 19 22 
12 17 19 22 23 
13 14 17 18 20 
13 16 17 18 19 
13 17 18 19 20 
14 15 17 18 21 
14 17 18 20 21 
15 16 17 18 22 
15 17 18 21 22 
16 17 18 19 22 
